[N
84
38
3 prn
78
18 cycloneive_io_obuf
30
8 tipd_prn
26
11 tipd_asdata
31
10 tipd_aload
52
8 lut_mask
21
17 tpd_prn_q_negedge
80
29 tipd_seriesterminationcontrol
72
5 dataa
71
5 datab
70
5 datac
69
5 datad
23
12 tpd_asdata_q
11
30 tsetup_sclr_clk_noedge_posedge
81
8 tpd_oe_o
5
10 is_wysiwyg
55
17 tpd_datab_combout
8
8 lpm_type
50
21 cycloneive_lcell_comb
9
27 tsetup_d_clk_noedge_posedge
64
10 tipd_dataa
65
10 tipd_datab
66
10 tipd_datac
67
10 tipd_datad
45
7 tpd_i_o
82
10 tpd_i_obar
14
26 thold_d_clk_noedge_posedge
84
17 open_drain_output
73
3 ena
74
6 asdata
10
32 tsetup_asdata_clk_noedge_posedge
12
31 tsetup_sload_clk_noedge_posedge
49
13 simulate_z_as
6
10 dont_touch
15
31 thold_asdata_clk_noedge_posedge
29
9 tipd_clrn
37
12 InstancePath
17
30 thold_sload_clk_noedge_posedge
34
3 XOn
42
4 arch
56
17 tpd_datac_combout
63
12 tpd_cin_cout
39
4 clrn
36
9 XOnChecks
35
11 MsgOnChecks
76
5 aload
77
5 sload
18
28 thold_ena_clk_noedge_posedge
33
5 MsgOn
7
14 x_on_violation
60
14 tpd_datab_cout
1
45 c:/intelfpgalite/questa_fse/intel/vhdl/altera
3
12 vital_dffeas
57
17 tpd_datad_combout
62
14 tpd_datad_cout
40
49 c:/intelfpgalite/questa_fse/intel/vhdl/cycloneive
24
8 tipd_clk
32
8 tipd_ena
48
8 bus_hold
27
9 tipd_sclr
59
14 tpd_dataa_cout
25
6 tipd_d
22
19 tpd_aload_q_posedge
43
6 tipd_i
46
10 tpd_ibar_o
61
14 tpd_datac_cout
53
14 sum_lutc_input
28
10 tipd_sload
83
11 tpd_oe_obar
4
8 power_up
19
17 tpd_clk_q_posedge
79
7 tipd_oe
44
9 tipd_ibar
16
29 thold_sclr_clk_noedge_posedge
13
29 tsetup_ena_clk_noedge_posedge
20
18 tpd_clrn_q_negedge
68
8 tipd_cin
47
17 differential_mode
58
15 tpd_cin_combout
54
17 tpd_dataa_combout
75
4 sclr
2
6 dffeas
41
18 cycloneive_io_ibuf
51
16 vital_lcell_comb
]
[G
40
50
51
6
52
0
0
0
0
16 0
3
2
2
3
2
3
3
2
2
2
2
3
2
3
3
3
0
0
]
[G
40
50
51
7
52
0
0
0
0
16 0
3
3
3
3
3
3
3
3
3
3
3
3
2
2
2
2
0
0
]
[G
40
50
51
8
52
0
0
0
0
16 0
3
2
2
3
2
3
3
2
2
3
2
2
3
3
2
3
0
0
]
[G
40
50
51
9
52
0
0
0
0
16 8
2
3
3
2
3
2
2
3
0
0
]
[G
40
78
42
1
34
0
0
0
0
0 0
0
0
]
[G
1
2
3
1
16
0
0
0
0
8 1
0
0
0
]
[G
1
2
3
2
16
0
0
0
0
8 1
0
0
0
]
[G
1
2
3
2
13
0
0
0
0
8 1
0
0
0
]
[G
40
50
51
4
52
0
0
0
0
16 0
2
2
2
2
2
2
2
2
3
2
3
2
3
2
3
2
0
0
]
[G
40
50
51
1
36
0
0
1
0
0 0
0
0
]
[G
40
50
51
2
36
0
0
1
0
0 0
0
0
]
[G
40
50
51
3
36
0
0
1
0
0 0
0
0
]
[G
40
50
51
4
36
0
0
1
0
0 0
0
0
]
[G
40
50
51
5
36
0
0
1
0
0 0
0
0
]
[G
40
50
51
6
36
0
0
1
0
0 0
0
0
]
[G
40
50
51
7
36
0
0
1
0
0 0
0
0
]
[G
40
50
51
8
36
0
0
1
0
0 0
0
0
]
[G
40
50
51
9
36
0
0
1
0
0 0
0
0
]
[G
40
41
42
1
47
0
0
0
0
5 0
102
97
108
115
101
1
1
1 5 1 1
]
[G
40
50
51
4
8
0
0
0
0
21 0
99
121
99
108
111
110
101
105
118
101
95
108
99
101
108
108
95
99
111
109
98
1
1
1 21 1 1
]
[G
40
50
51
5
8
0
0
0
0
21 0
99
121
99
108
111
110
101
105
118
101
95
108
99
101
108
108
95
99
111
109
98
1
1
1 21 1 1
]
[G
40
50
51
6
8
0
0
0
0
21 0
99
121
99
108
111
110
101
105
118
101
95
108
99
101
108
108
95
99
111
109
98
1
1
1 21 1 1
]
[G
40
50
51
7
8
0
0
0
0
21 0
99
121
99
108
111
110
101
105
118
101
95
108
99
101
108
108
95
99
111
109
98
1
1
1 21 1 1
]
[G
40
50
51
8
8
0
0
0
0
21 0
99
121
99
108
111
110
101
105
118
101
95
108
99
101
108
108
95
99
111
109
98
1
1
1 21 1 1
]
[G
40
50
51
9
8
0
0
0
0
21 0
99
121
99
108
111
110
101
105
118
101
95
108
99
101
108
108
95
99
111
109
98
1
1
1 21 1 1
]
[G
1
2
3
2
20
0
0
0
0
16 1
0
0
0
]
[G
40
50
51
1
55
0
0
0
0
16 1
0
0
0
]
[G
40
50
51
2
55
0
0
0
0
16 1
0
0
0
]
[G
40
50
51
3
55
0
0
0
0
16 1
0
0
0
]
[G
40
50
51
4
55
0
0
0
0
16 1
0
0
0
]
[G
40
50
51
5
55
0
0
0
0
16 1
0
0
0
]
[G
40
50
51
6
55
0
0
0
0
16 1
0
0
0
]
[G
40
50
51
7
55
0
0
0
0
16 1
0
0
0
]
[G
40
50
51
8
55
0
0
0
0
16 1
0
0
0
]
[G
40
50
51
9
55
0
0
0
0
16 1
0
0
0
]
[G
40
50
51
7
64
0
0
0
0
16 1
0
0
0
]
[G
40
50
51
8
64
0
0
0
0
16 1
0
0
0
]
[G
40
50
51
9
64
0
0
0
0
16 1
0
0
0
]
[G
40
50
51
9
65
0
0
0
0
16 1
0
0
0
]
[G
40
50
51
9
66
0
0
0
0
16 1
0
0
0
]
[G
40
50
51
9
67
0
0
0
0
16 1
0
0
0
]
[G
1
2
3
1
20
0
0
0
0
16 1
0
0
0
]
[G
40
50
51
1
64
0
0
0
0
16 1
0
0
0
]
[G
40
50
51
2
64
0
0
0
0
16 1
0
0
0
]
[G
40
50
51
3
64
0
0
0
0
16 1
0
0
0
]
[G
40
50
51
4
64
0
0
0
0
16 1
0
0
0
]
[G
40
50
51
5
64
0
0
0
0
16 1
0
0
0
]
[G
1
2
3
2
35
0
0
1
0
0 0
0
0
]
[G
40
50
51
6
65
0
0
0
0
16 1
0
0
0
]
[G
40
50
51
7
65
0
0
0
0
16 1
0
0
0
]
[G
40
50
51
8
65
0
0
0
0
16 1
0
0
0
]
[G
40
50
51
8
66
0
0
0
0
16 1
0
0
0
]
[G
40
50
51
8
67
0
0
0
0
16 1
0
0
0
]
[G
1
2
3
1
19
0
0
0
0
16 1
0
0
0
]
[G
40
78
42
1
79
0
0
0
0
16 1
0
0
0
]
[G
40
50
51
1
65
0
0
0
0
16 1
0
0
0
]
[G
40
50
51
2
65
0
0
0
0
16 1
0
0
0
]
[G
40
50
51
3
65
0
0
0
0
16 1
0
0
0
]
[G
40
50
51
4
65
0
0
0
0
16 1
0
0
0
]
[G
40
50
51
6
64
0
0
0
0
16 1
0
0
0
]
[G
40
50
51
5
66
0
0
0
0
16 1
0
0
0
]
[G
40
50
51
6
66
0
0
0
0
16 1
0
0
0
]
[G
40
50
51
7
66
0
0
0
0
16 1
0
0
0
]
[G
40
50
51
7
67
0
0
0
0
16 1
0
0
0
]
[G
1
2
3
1
13
0
0
0
0
8 1
0
0
0
]
[G
1
2
3
1
28
0
0
0
0
16 1
0
0
0
]
[G
40
50
51
1
66
0
0
0
0
16 1
0
0
0
]
[G
40
50
51
2
66
0
0
0
0
16 1
0
0
0
]
[G
40
50
51
3
66
0
0
0
0
16 1
0
0
0
]
[G
40
50
51
5
65
0
0
0
0
16 1
0
0
0
]
[G
40
50
51
4
67
0
0
0
0
16 1
0
0
0
]
[G
40
50
51
5
67
0
0
0
0
16 1
0
0
0
]
[G
40
50
51
6
67
0
0
0
0
16 1
0
0
0
]
[G
40
50
51
4
6
0
0
0
0
3 0
111
102
102
1
1
1 3 1 1
]
[G
40
50
51
5
6
0
0
0
0
3 0
111
102
102
1
1
1 3 1 1
]
[G
40
50
51
6
6
0
0
0
0
3 0
111
102
102
1
1
1 3 1 1
]
[G
40
50
51
7
6
0
0
0
0
3 0
111
102
102
1
1
1 3 1 1
]
[G
40
50
51
8
6
0
0
0
0
3 0
111
102
102
1
1
1 3 1 1
]
[G
40
50
51
9
6
0
0
0
0
3 0
111
102
102
1
1
1 3 1 1
]
[G
1
2
3
2
30
0
0
0
0
16 1
0
0
0
]
[G
40
50
51
1
67
0
0
0
0
16 1
0
0
0
]
[G
1
2
3
1
35
0
0
1
0
0 0
0
0
]
[G
40
50
51
4
66
0
0
0
0
16 1
0
0
0
]
[G
40
50
51
3
8
0
0
0
0
21 0
99
121
99
108
111
110
101
105
118
101
95
108
99
101
108
108
95
99
111
109
98
1
1
1 21 1 1
]
[G
40
50
51
2
6
0
0
0
0
3 0
111
102
102
1
1
1 3 1 1
]
[G
40
50
51
3
6
0
0
0
0
3 0
111
102
102
1
1
1 3 1 1
]
[G
40
50
51
4
56
0
0
0
0
16 1
0
0
0
]
[G
40
50
51
5
56
0
0
0
0
16 1
0
0
0
]
[G
40
50
51
6
56
0
0
0
0
16 1
0
0
0
]
[G
40
50
51
7
56
0
0
0
0
16 1
0
0
0
]
[G
40
50
51
8
56
0
0
0
0
16 1
0
0
0
]
[G
1
2
3
2
26
0
0
0
0
16 1
0
0
0
]
[G
1
2
3
1
31
0
0
0
0
16 1
0
0
0
]
[G
1
2
3
2
31
0
0
0
0
16 1
0
0
0
]
[G
40
50
51
2
67
0
0
0
0
16 1
0
0
0
]
[G
40
50
51
3
67
0
0
0
0
16 1
0
0
0
]
[G
1
2
3
1
21
0
0
0
0
16 1
0
0
0
]
[G
1
2
3
2
21
0
0
0
0
16 1
0
0
0
]
[G
40
50
51
3
56
0
0
0
0
16 1
0
0
0
]
[G
40
50
51
2
35
0
0
1
0
0 0
0
0
]
[G
40
78
42
1
48
0
0
0
0
5 0
102
97
108
115
101
1
1
1 5 1 1
]
[G
1
2
3
1
23
0
0
0
0
16 1
0
0
0
]
[G
1
2
3
2
23
0
0
0
0
16 1
0
0
0
]
[G
40
50
51
9
56
0
0
0
0
16 1
0
0
0
]
[G
40
41
42
1
8
0
0
0
0
18 0
99
121
99
108
111
110
101
105
118
101
95
105
111
95
105
98
117
102
1
1
1 18 1 1
]
[G
1
2
3
1
11
0
0
0
0
8 1
0
0
0
]
[G
1
2
3
2
11
0
0
0
0
8 1
0
0
0
]
[G
40
50
51
1
8
0
0
0
0
21 0
99
121
99
108
111
110
101
105
118
101
95
108
99
101
108
108
95
99
111
109
98
1
1
1 21 1 1
]
[G
40
50
51
2
8
0
0
0
0
21 0
99
121
99
108
111
110
101
105
118
101
95
108
99
101
108
108
95
99
111
109
98
1
1
1 21 1 1
]
[G
40
50
51
1
6
0
0
0
0
3 0
111
102
102
1
1
1 3 1 1
]
[G
40
50
51
2
56
0
0
0
0
16 1
0
0
0
]
[G
1
2
3
1
5
0
0
0
0
4 0
116
114
117
101
1
1
1 4 1 1
]
[G
1
2
3
2
5
0
0
0
0
4 0
116
114
117
101
1
1
1 4 1 1
]
[G
1
2
3
2
36
0
0
1
0
0 0
0
0
]
[G
40
50
51
5
63
0
0
0
0
16 1
0
0
0
]
[G
40
50
51
6
63
0
0
0
0
16 1
0
0
0
]
[G
40
50
51
7
63
0
0
0
0
16 1
0
0
0
]
[G
40
50
51
8
63
0
0
0
0
16 1
0
0
0
]
[G
40
50
51
9
63
0
0
0
0
16 1
0
0
0
]
[G
1
2
3
1
8
0
0
0
0
6 0
68
70
70
69
65
83
1
1
1 6 1 1
]
[G
1
2
3
2
8
0
0
0
0
6 0
68
70
70
69
65
83
1
1
1 6 1 1
]
[G
40
78
42
1
81
0
0
0
0
16 1
0
0
0
]
[G
40
50
51
1
56
0
0
0
0
16 1
0
0
0
]
[G
40
50
51
1
63
0
0
0
0
16 1
0
0
0
]
[G
40
41
42
1
45
0
0
0
0
16 1
0
0
0
]
[G
1
2
3
2
9
0
0
0
0
8 1
0
0
0
]
[G
40
50
51
4
63
0
0
0
0
16 1
0
0
0
]
[G
40
50
51
1
33
0
0
0
0
0 0
0
0
]
[G
1
2
3
1
26
0
0
0
0
16 1
0
0
0
]
[G
40
50
51
3
33
0
0
0
0
0 0
0
0
]
[G
40
50
51
4
33
0
0
0
0
0 0
0
0
]
[G
40
50
51
5
33
0
0
0
0
0 0
0
0
]
[G
40
50
51
6
33
0
0
0
0
0 0
0
0
]
[G
40
50
51
7
33
0
0
0
0
0 0
0
0
]
[G
40
50
51
8
33
0
0
0
0
0 0
0
0
]
[G
40
50
51
9
33
0
0
0
0
0 0
0
0
]
[G
40
78
42
1
45
0
0
0
0
16 1
0
0
0
]
[G
40
78
42
1
80
0
0
0
0
256 1
0
0
0
]
[G
1
2
3
1
9
0
0
0
0
8 1
0
0
0
]
[G
40
50
51
3
63
0
0
0
0
16 1
0
0
0
]
[G
40
50
51
2
33
0
0
0
0
0 0
0
0
]
[G
1
2
3
1
14
0
0
0
0
8 1
0
0
0
]
[G
1
2
3
2
14
0
0
0
0
8 1
0
0
0
]
[G
40
78
42
1
8
0
0
0
0
18 0
99
121
99
108
111
110
101
105
118
101
95
105
111
95
111
98
117
102
1
1
1 18 1 1
]
[G
40
50
51
1
60
0
0
0
0
16 1
0
0
0
]
[G
40
50
51
2
60
0
0
0
0
16 1
0
0
0
]
[G
40
50
51
3
60
0
0
0
0
16 1
0
0
0
]
[G
40
50
51
4
60
0
0
0
0
16 1
0
0
0
]
[G
40
50
51
5
60
0
0
0
0
16 1
0
0
0
]
[G
40
50
51
6
60
0
0
0
0
16 1
0
0
0
]
[G
40
50
51
7
60
0
0
0
0
16 1
0
0
0
]
[G
40
50
51
8
60
0
0
0
0
16 1
0
0
0
]
[G
40
50
51
9
60
0
0
0
0
16 1
0
0
0
]
[G
1
2
3
1
30
0
0
0
0
16 1
0
0
0
]
[G
40
50
51
2
37
0
0
0
0
1 1
42
1
1
1 1 1 1
]
[G
40
50
51
3
37
0
0
0
0
1 1
42
1
1
1 1 1 1
]
[G
40
50
51
4
37
0
0
0
0
1 1
42
1
1
1 1 1 1
]
[G
40
50
51
5
37
0
0
0
0
1 1
42
1
1
1 1 1 1
]
[G
40
41
42
1
49
0
0
0
0
1 1
122
1
1
1 1 1 1
]
[G
40
50
51
7
37
0
0
0
0
1 1
42
1
1
1 1 1 1
]
[G
40
50
51
8
37
0
0
0
0
1 1
42
1
1
1 1 1 1
]
[G
40
50
51
9
37
0
0
0
0
1 1
42
1
1
1 1 1 1
]
[G
40
50
51
9
57
0
0
0
0
16 1
0
0
0
]
[G
1
2
3
1
10
0
0
0
0
8 1
0
0
0
]
[G
1
2
3
2
10
0
0
0
0
8 1
0
0
0
]
[G
1
2
3
2
12
0
0
0
0
8 1
0
0
0
]
[G
40
50
51
1
37
0
0
0
0
1 1
42
1
1
1 1 1 1
]
[G
40
50
51
1
57
0
0
0
0
16 1
0
0
0
]
[G
40
50
51
2
57
0
0
0
0
16 1
0
0
0
]
[G
40
50
51
3
57
0
0
0
0
16 1
0
0
0
]
[G
40
50
51
4
57
0
0
0
0
16 1
0
0
0
]
[G
1
2
3
2
6
0
0
0
0
5 0
102
97
108
115
101
1
1
1 5 1 1
]
[G
40
50
51
6
57
0
0
0
0
16 1
0
0
0
]
[G
40
50
51
7
57
0
0
0
0
16 1
0
0
0
]
[G
40
50
51
8
57
0
0
0
0
16 1
0
0
0
]
[G
1
2
3
2
15
0
0
0
0
8 1
0
0
0
]
[G
40
50
51
9
34
0
0
0
0
0 0
0
0
]
[G
1
2
3
1
12
0
0
0
0
8 1
0
0
0
]
[G
40
50
51
3
62
0
0
0
0
16 1
0
0
0
]
[G
40
50
51
4
62
0
0
0
0
16 1
0
0
0
]
[G
40
50
51
5
62
0
0
0
0
16 1
0
0
0
]
[G
40
50
51
6
62
0
0
0
0
16 1
0
0
0
]
[G
40
50
51
7
62
0
0
0
0
16 1
0
0
0
]
[G
40
50
51
8
62
0
0
0
0
16 1
0
0
0
]
[G
40
50
51
9
62
0
0
0
0
16 1
0
0
0
]
[G
40
50
51
2
59
0
0
0
0
16 1
0
0
0
]
[G
40
50
51
3
59
0
0
0
0
16 1
0
0
0
]
[G
40
50
51
4
59
0
0
0
0
16 1
0
0
0
]
[G
1
2
3
2
29
0
0
0
0
16 1
0
0
0
]
[G
40
50
51
6
59
0
0
0
0
16 1
0
0
0
]
[G
40
50
51
7
59
0
0
0
0
16 1
0
0
0
]
[G
40
50
51
8
59
0
0
0
0
16 1
0
0
0
]
[G
40
50
51
9
59
0
0
0
0
16 1
0
0
0
]
[G
40
50
51
1
62
0
0
0
0
16 1
0
0
0
]
[G
40
50
51
2
62
0
0
0
0
16 1
0
0
0
]
[G
1
2
3
1
36
0
0
1
0
0 0
0
0
]
[G
40
50
51
1
59
0
0
0
0
16 1
0
0
0
]
[G
40
50
51
1
34
0
0
0
0
0 0
0
0
]
[G
40
50
51
2
34
0
0
0
0
0 0
0
0
]
[G
40
50
51
3
34
0
0
0
0
0 0
0
0
]
[G
40
50
51
6
37
0
0
0
0
1 1
42
1
1
1 1 1 1
]
[G
40
50
51
5
34
0
0
0
0
0 0
0
0
]
[G
40
50
51
6
34
0
0
0
0
0 0
0
0
]
[G
40
50
51
7
34
0
0
0
0
0 0
0
0
]
[G
40
50
51
8
34
0
0
0
0
0 0
0
0
]
[G
1
2
3
1
17
0
0
0
0
8 1
0
0
0
]
[G
1
2
3
2
17
0
0
0
0
8 1
0
0
0
]
[G
1
2
3
1
6
0
0
0
0
5 0
102
97
108
115
101
1
1
1 5 1 1
]
[G
40
50
51
5
57
0
0
0
0
16 1
0
0
0
]
[G
40
50
51
1
61
0
0
0
0
16 1
0
0
0
]
[G
40
50
51
2
61
0
0
0
0
16 1
0
0
0
]
[G
40
50
51
3
61
0
0
0
0
16 1
0
0
0
]
[G
40
50
51
4
61
0
0
0
0
16 1
0
0
0
]
[G
40
50
51
5
61
0
0
0
0
16 1
0
0
0
]
[G
40
50
51
6
61
0
0
0
0
16 1
0
0
0
]
[G
40
41
42
1
33
0
0
0
0
0 0
0
0
]
[G
40
50
51
8
61
0
0
0
0
16 1
0
0
0
]
[G
40
50
51
9
61
0
0
0
0
16 1
0
0
0
]
[G
40
50
51
9
53
0
0
0
0
3 0
99
105
110
1
1
1 3 1 1
]
[G
1
2
3
1
29
0
0
0
0
16 1
0
0
0
]
[G
40
50
51
5
59
0
0
0
0
16 1
0
0
0
]
[G
40
50
51
1
53
0
0
0
0
5 0
100
97
116
97
99
1
1
1 5 1 1
]
[G
1
2
3
1
15
0
0
0
0
8 1
0
0
0
]
[G
40
50
51
3
53
0
0
0
0
5 0
100
97
116
97
99
1
1
1 5 1 1
]
[G
40
50
51
4
53
0
0
0
0
5 0
100
97
116
97
99
1
1
1 5 1 1
]
[G
1
2
3
2
33
0
0
0
0
0 0
0
0
]
[G
40
50
51
7
61
0
0
0
0
16 1
0
0
0
]
[G
40
50
51
7
53
0
0
0
0
5 0
100
97
116
97
99
1
1
1 5 1 1
]
[G
40
50
51
8
53
0
0
0
0
3 0
99
105
110
1
1
1 3 1 1
]
[G
1
2
3
1
18
0
0
0
0
8 1
0
0
0
]
[G
1
2
3
2
18
0
0
0
0
8 1
0
0
0
]
[G
40
50
51
4
34
0
0
0
0
0 0
0
0
]
[G
1
2
3
1
7
0
0
0
0
2 0
111
110
1
1
1 2 1 1
]
[G
1
2
3
2
7
0
0
0
0
2 0
111
110
1
1
1 2 1 1
]
[G
1
2
3
1
33
0
0
0
0
0 0
0
0
]
[G
40
50
51
5
53
0
0
0
0
5 0
100
97
116
97
99
1
1
1 5 1 1
]
[G
40
50
51
6
53
0
0
0
0
3 0
99
105
110
1
1
1 3 1 1
]
[G
40
50
51
2
53
0
0
0
0
5 0
100
97
116
97
99
1
1
1 5 1 1
]
[G
40
78
42
1
33
0
0
0
0
0 0
0
0
]
[G
40
50
51
2
63
0
0
0
0
16 1
0
0
0
]
[G
1
2
3
1
37
0
0
0
0
1 1
42
1
1
1 1 1 1
]
[G
1
2
3
2
37
0
0
0
0
1 1
42
1
1
1 1 1 1
]
[G
40
50
51
1
68
0
0
0
0
16 1
0
0
0
]
[G
40
50
51
2
68
0
0
0
0
16 1
0
0
0
]
[G
40
41
42
1
34
0
0
0
0
0 0
0
0
]
[G
40
50
51
4
68
0
0
0
0
16 1
0
0
0
]
[G
40
50
51
5
68
0
0
0
0
16 1
0
0
0
]
[G
40
50
51
6
68
0
0
0
0
16 1
0
0
0
]
[G
40
50
51
7
68
0
0
0
0
16 1
0
0
0
]
[G
40
50
51
8
68
0
0
0
0
16 1
0
0
0
]
[G
40
50
51
9
68
0
0
0
0
16 1
0
0
0
]
[G
40
78
42
1
82
0
0
0
0
16 1
0
0
0
]
[G
40
50
51
1
58
0
0
0
0
16 1
0
0
0
]
[G
40
50
51
2
58
0
0
0
0
16 1
0
0
0
]
[G
40
50
51
3
58
0
0
0
0
16 1
0
0
0
]
[G
1
2
3
2
34
0
0
0
0
0 0
0
0
]
[G
40
50
51
5
58
0
0
0
0
16 1
0
0
0
]
[G
40
50
51
6
58
0
0
0
0
16 1
0
0
0
]
[G
40
50
51
7
58
0
0
0
0
16 1
0
0
0
]
[G
40
50
51
8
58
0
0
0
0
16 1
0
0
0
]
[G
40
50
51
9
58
0
0
0
0
16 1
0
0
0
]
[G
40
50
51
8
54
0
0
0
0
16 1
0
0
0
]
[G
40
41
42
1
48
0
0
0
0
5 0
102
97
108
115
101
1
1
1 5 1 1
]
[G
40
50
51
6
35
0
0
1
0
0 0
0
0
]
[G
40
50
51
7
35
0
0
1
0
0 0
0
0
]
[G
40
50
51
8
35
0
0
1
0
0 0
0
0
]
[G
40
50
51
9
35
0
0
1
0
0 0
0
0
]
[G
40
78
42
1
84
0
0
0
0
5 0
102
97
108
115
101
1
1
1 5 1 1
]
[G
1
2
3
1
24
0
0
0
0
16 1
0
0
0
]
[G
1
2
3
2
24
0
0
0
0
16 1
0
0
0
]
[G
40
50
51
4
58
0
0
0
0
16 1
0
0
0
]
[G
40
50
51
3
54
0
0
0
0
16 1
0
0
0
]
[G
40
50
51
4
54
0
0
0
0
16 1
0
0
0
]
[G
40
50
51
5
54
0
0
0
0
16 1
0
0
0
]
[G
1
2
3
2
32
0
0
0
0
16 1
0
0
0
]
[G
40
50
51
7
54
0
0
0
0
16 1
0
0
0
]
[G
40
50
51
4
35
0
0
1
0
0 0
0
0
]
[G
40
50
51
9
54
0
0
0
0
16 1
0
0
0
]
[G
40
41
42
1
43
0
0
0
0
16 1
0
0
0
]
[G
1
2
3
1
27
0
0
0
0
16 1
0
0
0
]
[G
1
2
3
2
27
0
0
0
0
16 1
0
0
0
]
[G
40
41
42
1
46
0
0
0
0
16 1
0
0
0
]
[G
40
50
51
2
54
0
0
0
0
16 1
0
0
0
]
[G
40
50
51
3
68
0
0
0
0
16 1
0
0
0
]
[G
1
2
3
1
32
0
0
0
0
16 1
0
0
0
]
[G
40
50
51
6
54
0
0
0
0
16 1
0
0
0
]
[G
1
2
3
2
25
0
0
0
0
16 1
0
0
0
]
[G
40
50
51
5
35
0
0
1
0
0 0
0
0
]
[G
1
2
3
2
22
0
0
0
0
16 1
0
0
0
]
[G
40
78
42
1
43
0
0
0
0
16 1
0
0
0
]
[G
1
2
3
1
34
0
0
0
0
0 0
0
0
]
[G
40
50
51
1
35
0
0
1
0
0 0
0
0
]
[G
1
2
3
1
25
0
0
0
0
16 1
0
0
0
]
[G
40
50
51
3
35
0
0
1
0
0 0
0
0
]
[G
1
2
3
2
28
0
0
0
0
16 1
0
0
0
]
[G
1
2
3
1
22
0
0
0
0
16 1
0
0
0
]
[G
40
41
42
1
44
0
0
0
0
16 1
0
0
0
]
[G
40
78
42
1
83
0
0
0
0
16 1
0
0
0
]
[G
40
50
51
1
54
0
0
0
0
16 1
0
0
0
]
[G
1
2
3
1
4
0
0
0
0
3 0
108
111
119
1
1
1 3 1 1
]
[G
1
2
3
2
4
0
0
0
0
3 0
108
111
119
1
1
1 3 1 1
]
[G
40
50
51
1
52
0
0
0
0
16 0
3
2
2
2
2
2
2
2
3
2
2
2
3
2
3
2
0
0
]
[G
40
50
51
2
52
0
0
0
0
16 0
2
2
2
2
2
2
2
2
3
2
3
2
3
3
3
2
0
0
]
[G
40
50
51
3
52
0
0
0
0
16 0
3
2
3
2
3
2
3
2
3
3
3
3
3
3
3
3
0
0
]
[G
1
2
3
2
19
0
0
0
0
16 1
0
0
0
]
[G
40
50
51
5
52
0
0
0
0
16 0
2
2
2
2
2
2
2
2
2
2
3
2
2
2
3
2
0
0
]
[P
40
50
51
70
71
3
0
0
]
[P
40
50
51
70
71
4
0
0
]
[P
40
50
51
71
72
7
0
0
]
[P
40
50
51
69
70
9
0
0
]
[P
1
2
3
75
76
1
0
0
]
[P
1
2
3
38
73
1
0
0
]
[P
1
2
3
38
39
2
0
0
]
[P
1
2
3
74
73
1
0
0
]
[P
1
2
3
39
73
1
0
0
]
[P
1
2
3
77
76
1
0
0
]
