[N
93
40
3 prn
87
18 cycloneive_io_obuf
30
8 tipd_prn
26
11 tipd_asdata
31
10 tipd_aload
48
8 lut_mask
21
17 tpd_prn_q_negedge
89
29 tipd_seriesterminationcontrol
66
5 dataa
65
5 datab
67
5 datac
68
5 datad
23
12 tpd_asdata_q
11
30 tsetup_sclr_clk_noedge_posedge
90
8 tpd_oe_o
5
10 is_wysiwyg
51
17 tpd_datab_combout
8
8 lpm_type
46
21 cycloneive_lcell_comb
9
27 tsetup_d_clk_noedge_posedge
85
10 tipd_inclk
60
10 tipd_dataa
61
10 tipd_datab
62
10 tipd_datac
63
10 tipd_datad
73
7 tpd_i_o
91
10 tpd_i_obar
14
26 thold_d_clk_noedge_posedge
83
17 ena_register_mode
93
17 open_drain_output
39
3 ena
81
13 vital_clkctrl
41
6 asdata
10
32 tsetup_asdata_clk_noedge_posedge
12
31 tsetup_sload_clk_noedge_posedge
77
13 simulate_z_as
6
10 dont_touch
82
10 clock_type
15
31 thold_asdata_clk_noedge_posedge
29
9 tipd_clrn
37
12 InstancePath
17
30 thold_sload_clk_noedge_posedge
34
3 XOn
70
4 arch
52
17 tpd_datac_combout
59
12 tpd_cin_cout
38
4 clrn
36
9 XOnChecks
35
11 MsgOnChecks
79
6 behave
43
5 aload
44
5 sload
18
28 thold_ena_clk_noedge_posedge
33
5 MsgOn
7
14 x_on_violation
56
14 tpd_datab_cout
1
45 c:/intelfpgalite/questa_fse/intel/vhdl/altera
3
12 vital_dffeas
53
17 tpd_datad_combout
58
14 tpd_datad_cout
45
49 c:/intelfpgalite/questa_fse/intel/vhdl/cycloneive
24
8 tipd_clk
32
8 tipd_ena
76
8 bus_hold
27
9 tipd_sclr
55
14 tpd_dataa_cout
25
6 tipd_d
22
19 tpd_aload_q_posedge
71
6 tipd_i
74
10 tpd_ibar_o
57
14 tpd_datac_cout
49
14 sum_lutc_input
28
10 tipd_sload
80
18 cycloneive_clkctrl
92
11 tpd_oe_obar
4
8 power_up
84
16 tpd_inclk_outclk
19
17 tpd_clk_q_posedge
88
7 tipd_oe
72
9 tipd_ibar
16
29 thold_sclr_clk_noedge_posedge
13
29 tsetup_ena_clk_noedge_posedge
86
14 tipd_clkselect
20
18 tpd_clrn_q_negedge
64
8 tipd_cin
75
17 differential_mode
54
15 tpd_cin_combout
50
17 tpd_dataa_combout
42
4 sclr
2
6 dffeas
69
18 cycloneive_io_ibuf
47
16 vital_lcell_comb
78
18 cycloneive_ena_reg
]
[G
45
46
47
14
6
0
0
0
0
3 0
111
102
102
1
1
1 3 1 1
]
[G
45
46
47
15
6
0
0
0
0
3 0
111
102
102
1
1
1 3 1 1
]
[G
45
46
47
16
6
0
0
0
0
3 0
111
102
102
1
1
1 3 1 1
]
[G
45
46
47
17
6
0
0
0
0
3 0
111
102
102
1
1
1 3 1 1
]
[G
45
46
47
18
6
0
0
0
0
3 0
111
102
102
1
1
1 3 1 1
]
[G
45
46
47
19
6
0
0
0
0
3 0
111
102
102
1
1
1 3 1 1
]
[G
45
46
47
20
6
0
0
0
0
3 0
111
102
102
1
1
1 3 1 1
]
[G
45
46
47
21
6
0
0
0
0
3 0
111
102
102
1
1
1 3 1 1
]
[G
45
46
47
22
6
0
0
0
0
3 0
111
102
102
1
1
1 3 1 1
]
[G
45
46
47
23
6
0
0
0
0
3 0
111
102
102
1
1
1 3 1 1
]
[G
45
46
47
24
6
0
0
0
0
3 0
111
102
102
1
1
1 3 1 1
]
[G
45
46
47
25
6
0
0
0
0
3 0
111
102
102
1
1
1 3 1 1
]
[G
45
46
47
26
6
0
0
0
0
3 0
111
102
102
1
1
1 3 1 1
]
[G
45
46
47
27
6
0
0
0
0
3 0
111
102
102
1
1
1 3 1 1
]
[G
45
46
47
28
6
0
0
0
0
3 0
111
102
102
1
1
1 3 1 1
]
[G
45
46
47
29
6
0
0
0
0
3 0
111
102
102
1
1
1 3 1 1
]
[G
45
46
47
30
6
0
0
0
0
3 0
111
102
102
1
1
1 3 1 1
]
[G
45
46
47
31
6
0
0
0
0
3 0
111
102
102
1
1
1 3 1 1
]
[G
45
69
70
1
8
0
0
0
0
18 0
99
121
99
108
111
110
101
105
118
101
95
105
111
95
105
98
117
102
1
1
1 18 1 1
]
[G
45
80
81
1
37
0
0
0
0
1 1
42
1
1
1 1 1 1
]
[G
1
2
3
2
4
0
0
0
0
3 0
108
111
119
1
1
1 3 1 1
]
[G
1
2
3
3
4
0
0
0
0
3 0
108
111
119
1
1
1 3 1 1
]
[G
45
87
70
1
76
0
0
0
0
5 0
102
97
108
115
101
1
1
1 5 1 1
]
[G
45
87
70
1
33
0
0
0
0
0 0
0
0
]
[G
45
80
81
1
8
0
0
0
0
18 0
99
121
99
108
111
110
101
105
118
101
95
99
108
107
99
116
114
108
1
1
1 18 1 1
]
[G
1
2
3
2
6
0
0
0
0
5 0
102
97
108
115
101
1
1
1 5 1 1
]
[G
1
2
3
3
6
0
0
0
0
5 0
102
97
108
115
101
1
1
1 5 1 1
]
[G
45
46
47
14
33
0
0
0
0
0 0
0
0
]
[G
45
46
47
15
33
0
0
0
0
0 0
0
0
]
[G
45
46
47
16
33
0
0
0
0
0 0
0
0
]
[G
45
46
47
17
33
0
0
0
0
0 0
0
0
]
[G
45
46
47
18
33
0
0
0
0
0 0
0
0
]
[G
45
46
47
19
33
0
0
0
0
0 0
0
0
]
[G
45
46
47
20
33
0
0
0
0
0 0
0
0
]
[G
45
46
47
21
33
0
0
0
0
0 0
0
0
]
[G
45
46
47
22
33
0
0
0
0
0 0
0
0
]
[G
45
46
47
23
33
0
0
0
0
0 0
0
0
]
[G
45
46
47
24
33
0
0
0
0
0 0
0
0
]
[G
45
46
47
25
33
0
0
0
0
0 0
0
0
]
[G
45
46
47
26
33
0
0
0
0
0 0
0
0
]
[G
45
46
47
27
33
0
0
0
0
0 0
0
0
]
[G
45
46
47
28
33
0
0
0
0
0 0
0
0
]
[G
45
46
47
29
33
0
0
0
0
0 0
0
0
]
[G
45
46
47
30
33
0
0
0
0
0 0
0
0
]
[G
45
46
47
31
33
0
0
0
0
0 0
0
0
]
[G
45
46
47
15
35
0
0
1
0
0 0
0
0
]
[G
45
46
47
16
35
0
0
1
0
0 0
0
0
]
[G
45
46
47
17
35
0
0
1
0
0 0
0
0
]
[G
45
46
47
18
35
0
0
1
0
0 0
0
0
]
[G
45
46
47
19
35
0
0
1
0
0 0
0
0
]
[G
45
46
47
20
35
0
0
1
0
0 0
0
0
]
[G
45
46
47
21
35
0
0
1
0
0 0
0
0
]
[G
45
46
47
22
35
0
0
1
0
0 0
0
0
]
[G
45
46
47
23
35
0
0
1
0
0 0
0
0
]
[G
45
46
47
16
57
0
0
0
0
16 1
0
0
0
]
[G
45
46
47
17
57
0
0
0
0
16 1
0
0
0
]
[G
45
46
47
18
57
0
0
0
0
16 1
0
0
0
]
[G
45
46
47
27
35
0
0
1
0
0 0
0
0
]
[G
45
46
47
20
57
0
0
0
0
16 1
0
0
0
]
[G
45
46
47
21
57
0
0
0
0
16 1
0
0
0
]
[G
45
46
47
22
57
0
0
0
0
16 1
0
0
0
]
[G
45
46
47
23
57
0
0
0
0
16 1
0
0
0
]
[G
45
46
47
24
57
0
0
0
0
16 1
0
0
0
]
[G
45
46
47
25
57
0
0
0
0
16 1
0
0
0
]
[G
1
2
3
2
13
0
0
0
0
8 1
0
0
0
]
[G
1
2
3
3
13
0
0
0
0
8 1
0
0
0
]
[G
45
46
47
28
57
0
0
0
0
16 1
0
0
0
]
[G
45
46
47
29
57
0
0
0
0
16 1
0
0
0
]
[G
45
46
47
30
57
0
0
0
0
16 1
0
0
0
]
[G
45
46
47
31
57
0
0
0
0
16 1
0
0
0
]
[G
45
46
47
15
57
0
0
0
0
16 1
0
0
0
]
[G
45
46
47
24
35
0
0
1
0
0 0
0
0
]
[G
45
46
47
25
35
0
0
1
0
0 0
0
0
]
[G
45
46
47
26
35
0
0
1
0
0 0
0
0
]
[G
45
46
47
19
57
0
0
0
0
16 1
0
0
0
]
[G
45
46
47
28
35
0
0
1
0
0 0
0
0
]
[G
45
46
47
29
35
0
0
1
0
0 0
0
0
]
[G
45
46
47
30
35
0
0
1
0
0 0
0
0
]
[G
45
46
47
31
35
0
0
1
0
0 0
0
0
]
[G
45
46
47
26
57
0
0
0
0
16 1
0
0
0
]
[G
45
46
47
27
57
0
0
0
0
16 1
0
0
0
]
[G
1
2
3
2
18
0
0
0
0
8 1
0
0
0
]
[G
1
2
3
3
18
0
0
0
0
8 1
0
0
0
]
[G
45
69
70
1
34
0
0
0
0
0 0
0
0
]
[G
45
46
47
14
35
0
0
1
0
0 0
0
0
]
[G
1
2
3
2
22
0
0
0
0
16 1
0
0
0
]
[G
1
2
3
3
22
0
0
0
0
16 1
0
0
0
]
[G
45
80
81
1
86
0
0
0
0
32 1
0
0
0
]
[G
45
80
81
1
34
0
0
0
0
0 0
0
0
]
[G
45
46
47
14
57
0
0
0
0
16 1
0
0
0
]
[G
45
69
70
1
74
0
0
0
0
16 1
0
0
0
]
[G
45
69
70
1
73
0
0
0
0
16 1
0
0
0
]
[G
45
46
47
14
58
0
0
0
0
16 1
0
0
0
]
[G
45
46
47
15
58
0
0
0
0
16 1
0
0
0
]
[G
45
46
47
16
58
0
0
0
0
16 1
0
0
0
]
[G
45
46
47
17
58
0
0
0
0
16 1
0
0
0
]
[G
45
46
47
18
58
0
0
0
0
16 1
0
0
0
]
[G
45
46
47
19
58
0
0
0
0
16 1
0
0
0
]
[G
45
46
47
20
58
0
0
0
0
16 1
0
0
0
]
[G
45
46
47
21
58
0
0
0
0
16 1
0
0
0
]
[G
45
46
47
22
58
0
0
0
0
16 1
0
0
0
]
[G
45
46
47
23
58
0
0
0
0
16 1
0
0
0
]
[G
45
46
47
24
58
0
0
0
0
16 1
0
0
0
]
[G
45
46
47
25
58
0
0
0
0
16 1
0
0
0
]
[G
45
46
47
26
58
0
0
0
0
16 1
0
0
0
]
[G
45
46
47
27
58
0
0
0
0
16 1
0
0
0
]
[G
45
46
47
28
58
0
0
0
0
16 1
0
0
0
]
[G
45
46
47
29
58
0
0
0
0
16 1
0
0
0
]
[G
45
46
47
16
59
0
0
0
0
16 1
0
0
0
]
[G
45
46
47
17
59
0
0
0
0
16 1
0
0
0
]
[G
45
46
47
18
59
0
0
0
0
16 1
0
0
0
]
[G
45
46
47
19
59
0
0
0
0
16 1
0
0
0
]
[G
45
46
47
20
59
0
0
0
0
16 1
0
0
0
]
[G
45
46
47
21
59
0
0
0
0
16 1
0
0
0
]
[G
45
46
47
22
59
0
0
0
0
16 1
0
0
0
]
[G
45
46
47
23
59
0
0
0
0
16 1
0
0
0
]
[G
45
46
47
24
59
0
0
0
0
16 1
0
0
0
]
[G
45
46
47
25
59
0
0
0
0
16 1
0
0
0
]
[G
45
46
47
26
59
0
0
0
0
16 1
0
0
0
]
[G
45
46
47
27
59
0
0
0
0
16 1
0
0
0
]
[G
45
46
47
28
59
0
0
0
0
16 1
0
0
0
]
[G
45
46
47
29
59
0
0
0
0
16 1
0
0
0
]
[G
1
2
3
2
35
0
0
1
0
0 0
0
0
]
[G
1
2
3
3
33
0
0
0
0
0 0
0
0
]
[G
45
46
47
15
59
0
0
0
0
16 1
0
0
0
]
[G
45
46
47
30
58
0
0
0
0
16 1
0
0
0
]
[G
45
46
47
31
58
0
0
0
0
16 1
0
0
0
]
[G
45
78
79
1
36
0
0
1
0
0 0
0
0
]
[G
45
69
70
1
77
0
0
0
0
1 1
122
1
1
1 1 1 1
]
[G
45
46
47
30
59
0
0
0
0
16 1
0
0
0
]
[G
1
2
3
3
35
0
0
1
0
0 0
0
0
]
[G
1
2
3
2
33
0
0
0
0
0 0
0
0
]
[G
45
46
47
31
59
0
0
0
0
16 1
0
0
0
]
[G
45
80
81
1
85
0
0
0
0
64 1
0
0
0
]
[G
45
46
47
14
59
0
0
0
0
16 1
0
0
0
]
[G
45
78
79
1
19
0
0
0
0
16 1
0
0
0
]
[G
45
46
47
14
48
0
0
0
0
16 0
3
3
3
3
2
2
2
2
2
2
2
2
3
3
3
3
0
0
]
[G
45
46
47
15
48
0
0
0
0
16 8
2
3
2
3
3
2
3
2
0
0
]
[G
45
46
47
16
48
0
0
0
0
16 0
2
3
2
3
2
3
2
3
3
2
3
2
3
2
3
2
0
0
]
[G
45
46
47
17
48
0
0
0
0
16 8
2
2
2
2
3
3
3
3
0
0
]
[G
45
46
47
18
48
0
0
0
0
16 0
2
2
2
2
2
2
2
2
3
3
3
3
3
3
2
2
0
0
]
[G
45
46
47
19
48
0
0
0
0
16 0
2
2
3
3
2
2
3
3
3
3
2
2
3
3
2
2
0
0
]
[G
45
46
47
20
48
0
0
0
0
16 0
3
2
3
2
2
3
2
3
2
2
2
2
2
3
2
3
0
0
]
[G
45
46
47
21
48
0
0
0
0
16 0
2
3
2
3
3
2
3
2
3
2
3
2
3
3
3
3
0
0
]
[G
45
46
47
22
48
0
0
0
0
16 0
3
3
2
2
2
2
3
3
2
2
2
2
2
2
3
3
0
0
]
[G
45
46
47
23
48
0
0
0
0
16 0
2
2
3
3
3
3
2
2
3
3
2
2
3
3
3
3
0
0
]
[G
45
46
47
24
48
0
0
0
0
16 0
3
2
2
3
2
2
2
2
2
2
2
2
3
2
2
3
0
0
]
[G
45
46
47
25
48
0
0
0
0
16 0
3
2
2
2
2
3
2
2
2
2
3
2
2
2
2
3
0
0
]
[G
45
46
47
26
48
0
0
0
0
16 0
3
2
2
2
2
2
2
2
2
2
2
2
2
2
2
2
0
0
]
[G
45
46
47
27
48
0
0
0
0
16 0
3
3
2
2
2
2
3
3
2
2
2
2
3
3
2
2
0
0
]
[G
45
46
47
28
48
0
0
0
0
16 0
2
3
2
3
3
2
3
2
2
3
2
3
3
3
3
3
0
0
]
[G
45
46
47
29
48
0
0
0
0
16 0
2
2
3
3
3
3
2
2
2
2
3
3
3
3
3
3
0
0
]
[G
45
46
47
30
48
0
0
0
0
16 0
3
2
2
2
2
2
3
2
2
3
2
2
2
2
2
3
0
0
]
[G
45
46
47
31
48
0
0
0
0
16 0
3
2
3
2
2
3
2
3
2
2
2
2
3
2
3
2
0
0
]
[G
45
78
79
1
25
0
0
0
0
16 1
0
0
0
]
[G
45
69
70
1
75
0
0
0
0
5 0
102
97
108
115
101
1
1
1 5 1 1
]
[G
45
78
79
1
24
0
0
0
0
16 1
0
0
0
]
[G
1
2
3
2
27
0
0
0
0
16 1
0
0
0
]
[G
1
2
3
3
27
0
0
0
0
16 1
0
0
0
]
[G
45
80
81
1
84
0
0
0
0
64 1
0
0
0
]
[G
45
78
79
1
37
0
0
0
0
1 1
42
1
1
1 1 1 1
]
[G
45
87
70
1
93
0
0
0
0
5 0
102
97
108
115
101
1
1
1 5 1 1
]
[G
1
2
3
2
11
0
0
0
0
8 1
0
0
0
]
[G
1
2
3
3
11
0
0
0
0
8 1
0
0
0
]
[G
1
2
3
2
28
0
0
0
0
16 1
0
0
0
]
[G
1
2
3
3
28
0
0
0
0
16 1
0
0
0
]
[G
45
46
47
14
51
0
0
0
0
16 1
0
0
0
]
[G
45
46
47
15
51
0
0
0
0
16 1
0
0
0
]
[G
45
46
47
16
51
0
0
0
0
16 1
0
0
0
]
[G
45
46
47
17
51
0
0
0
0
16 1
0
0
0
]
[G
45
46
47
18
51
0
0
0
0
16 1
0
0
0
]
[G
45
46
47
19
51
0
0
0
0
16 1
0
0
0
]
[G
45
46
47
20
51
0
0
0
0
16 1
0
0
0
]
[G
45
46
47
21
51
0
0
0
0
16 1
0
0
0
]
[G
45
46
47
22
51
0
0
0
0
16 1
0
0
0
]
[G
45
46
47
23
51
0
0
0
0
16 1
0
0
0
]
[G
45
46
47
24
51
0
0
0
0
16 1
0
0
0
]
[G
45
46
47
25
51
0
0
0
0
16 1
0
0
0
]
[G
45
46
47
26
51
0
0
0
0
16 1
0
0
0
]
[G
45
46
47
27
51
0
0
0
0
16 1
0
0
0
]
[G
45
46
47
28
51
0
0
0
0
16 1
0
0
0
]
[G
45
46
47
29
51
0
0
0
0
16 1
0
0
0
]
[G
45
46
47
30
51
0
0
0
0
16 1
0
0
0
]
[G
45
46
47
31
51
0
0
0
0
16 1
0
0
0
]
[G
45
69
70
1
76
0
0
0
0
5 0
102
97
108
115
101
1
1
1 5 1 1
]
[G
45
78
79
1
9
0
0
0
0
8 1
0
0
0
]
[G
45
69
70
1
33
0
0
0
0
0 0
0
0
]
[G
45
46
47
14
54
0
0
0
0
16 1
0
0
0
]
[G
45
46
47
15
54
0
0
0
0
16 1
0
0
0
]
[G
45
46
47
16
54
0
0
0
0
16 1
0
0
0
]
[G
45
46
47
17
54
0
0
0
0
16 1
0
0
0
]
[G
45
46
47
18
54
0
0
0
0
16 1
0
0
0
]
[G
45
46
47
19
54
0
0
0
0
16 1
0
0
0
]
[G
45
46
47
20
54
0
0
0
0
16 1
0
0
0
]
[G
45
46
47
21
54
0
0
0
0
16 1
0
0
0
]
[G
45
46
47
22
54
0
0
0
0
16 1
0
0
0
]
[G
45
46
47
23
54
0
0
0
0
16 1
0
0
0
]
[G
45
46
47
24
54
0
0
0
0
16 1
0
0
0
]
[G
45
46
47
25
54
0
0
0
0
16 1
0
0
0
]
[G
45
46
47
26
54
0
0
0
0
16 1
0
0
0
]
[G
45
46
47
27
54
0
0
0
0
16 1
0
0
0
]
[G
45
46
47
28
54
0
0
0
0
16 1
0
0
0
]
[G
45
46
47
29
54
0
0
0
0
16 1
0
0
0
]
[G
45
46
47
30
54
0
0
0
0
16 1
0
0
0
]
[G
45
46
47
31
54
0
0
0
0
16 1
0
0
0
]
[G
1
2
3
2
7
0
0
0
0
2 0
111
110
1
1
1 2 1 1
]
[G
1
2
3
3
7
0
0
0
0
2 0
111
110
1
1
1 2 1 1
]
[G
1
2
3
2
10
0
0
0
0
8 1
0
0
0
]
[G
1
2
3
3
10
0
0
0
0
8 1
0
0
0
]
[G
45
80
81
1
33
0
0
0
0
0 0
0
0
]
[G
45
80
81
1
35
0
0
1
0
0 0
0
0
]
[G
45
46
47
14
64
0
0
0
0
16 1
0
0
0
]
[G
45
46
47
15
64
0
0
0
0
16 1
0
0
0
]
[G
45
46
47
16
64
0
0
0
0
16 1
0
0
0
]
[G
45
46
47
16
53
0
0
0
0
16 1
0
0
0
]
[G
45
46
47
17
53
0
0
0
0
16 1
0
0
0
]
[G
1
2
3
2
21
0
0
0
0
16 1
0
0
0
]
[G
1
2
3
3
21
0
0
0
0
16 1
0
0
0
]
[G
45
46
47
20
53
0
0
0
0
16 1
0
0
0
]
[G
45
46
47
21
53
0
0
0
0
16 1
0
0
0
]
[G
45
46
47
22
53
0
0
0
0
16 1
0
0
0
]
[G
45
46
47
23
53
0
0
0
0
16 1
0
0
0
]
[G
45
46
47
24
53
0
0
0
0
16 1
0
0
0
]
[G
45
46
47
25
53
0
0
0
0
16 1
0
0
0
]
[G
45
46
47
26
53
0
0
0
0
16 1
0
0
0
]
[G
45
46
47
28
64
0
0
0
0
16 1
0
0
0
]
[G
45
46
47
28
53
0
0
0
0
16 1
0
0
0
]
[G
45
46
47
30
64
0
0
0
0
16 1
0
0
0
]
[G
45
46
47
30
53
0
0
0
0
16 1
0
0
0
]
[G
45
46
47
31
53
0
0
0
0
16 1
0
0
0
]
[G
45
46
47
15
53
0
0
0
0
16 1
0
0
0
]
[G
45
46
47
17
64
0
0
0
0
16 1
0
0
0
]
[G
45
46
47
18
64
0
0
0
0
16 1
0
0
0
]
[G
45
46
47
18
53
0
0
0
0
16 1
0
0
0
]
[G
45
46
47
20
64
0
0
0
0
16 1
0
0
0
]
[G
45
46
47
21
64
0
0
0
0
16 1
0
0
0
]
[G
45
46
47
22
64
0
0
0
0
16 1
0
0
0
]
[G
45
46
47
23
64
0
0
0
0
16 1
0
0
0
]
[G
45
46
47
24
64
0
0
0
0
16 1
0
0
0
]
[G
45
46
47
25
64
0
0
0
0
16 1
0
0
0
]
[G
45
46
47
26
64
0
0
0
0
16 1
0
0
0
]
[G
45
46
47
27
64
0
0
0
0
16 1
0
0
0
]
[G
45
46
47
27
53
0
0
0
0
16 1
0
0
0
]
[G
45
46
47
29
64
0
0
0
0
16 1
0
0
0
]
[G
45
46
47
29
53
0
0
0
0
16 1
0
0
0
]
[G
45
46
47
31
64
0
0
0
0
16 1
0
0
0
]
[G
45
46
47
14
53
0
0
0
0
16 1
0
0
0
]
[G
45
46
47
19
64
0
0
0
0
16 1
0
0
0
]
[G
45
46
47
19
53
0
0
0
0
16 1
0
0
0
]
[G
45
78
79
1
34
0
0
0
0
0 0
0
0
]
[G
45
78
79
1
14
0
0
0
0
8 1
0
0
0
]
[G
1
2
3
2
26
0
0
0
0
16 1
0
0
0
]
[G
1
2
3
3
26
0
0
0
0
16 1
0
0
0
]
[G
1
2
3
2
32
0
0
0
0
16 1
0
0
0
]
[G
1
2
3
3
32
0
0
0
0
16 1
0
0
0
]
[G
45
87
70
1
71
0
0
0
0
16 1
0
0
0
]
[G
45
46
47
14
36
0
0
1
0
0 0
0
0
]
[G
45
46
47
15
36
0
0
1
0
0 0
0
0
]
[G
45
46
47
16
36
0
0
1
0
0 0
0
0
]
[G
1
2
3
2
16
0
0
0
0
8 1
0
0
0
]
[G
45
46
47
18
36
0
0
1
0
0 0
0
0
]
[G
45
46
47
19
36
0
0
1
0
0 0
0
0
]
[G
45
46
47
20
36
0
0
1
0
0 0
0
0
]
[G
45
46
47
21
36
0
0
1
0
0 0
0
0
]
[G
45
46
47
22
36
0
0
1
0
0 0
0
0
]
[G
45
46
47
23
36
0
0
1
0
0 0
0
0
]
[G
45
46
47
24
36
0
0
1
0
0 0
0
0
]
[G
45
46
47
25
36
0
0
1
0
0 0
0
0
]
[G
45
46
47
26
36
0
0
1
0
0 0
0
0
]
[G
45
46
47
27
36
0
0
1
0
0 0
0
0
]
[G
45
46
47
28
36
0
0
1
0
0 0
0
0
]
[G
45
46
47
29
36
0
0
1
0
0 0
0
0
]
[G
45
46
47
30
36
0
0
1
0
0 0
0
0
]
[G
45
46
47
31
36
0
0
1
0
0 0
0
0
]
[G
45
46
47
17
36
0
0
1
0
0 0
0
0
]
[G
1
2
3
3
16
0
0
0
0
8 1
0
0
0
]
[G
45
69
70
1
72
0
0
0
0
16 1
0
0
0
]
[G
1
2
3
2
17
0
0
0
0
8 1
0
0
0
]
[G
1
2
3
3
17
0
0
0
0
8 1
0
0
0
]
[G
1
2
3
2
36
0
0
1
0
0 0
0
0
]
[G
1
2
3
3
36
0
0
1
0
0 0
0
0
]
[G
45
87
70
1
8
0
0
0
0
18 0
99
121
99
108
111
110
101
105
118
101
95
105
111
95
111
98
117
102
1
1
1 18 1 1
]
[G
45
87
70
1
91
0
0
0
0
16 1
0
0
0
]
[G
45
87
70
1
90
0
0
0
0
16 1
0
0
0
]
[G
45
87
70
1
88
0
0
0
0
16 1
0
0
0
]
[G
1
2
3
2
23
0
0
0
0
16 1
0
0
0
]
[G
1
2
3
3
23
0
0
0
0
16 1
0
0
0
]
[G
1
2
3
2
19
0
0
0
0
16 1
0
0
0
]
[G
1
2
3
3
19
0
0
0
0
16 1
0
0
0
]
[G
45
46
47
14
37
0
0
0
0
1 1
42
1
1
1 1 1 1
]
[G
1
2
3
2
25
0
0
0
0
16 1
0
0
0
]
[G
1
2
3
3
25
0
0
0
0
16 1
0
0
0
]
[G
45
46
47
17
37
0
0
0
0
1 1
42
1
1
1 1 1 1
]
[G
45
46
47
18
37
0
0
0
0
1 1
42
1
1
1 1 1 1
]
[G
45
46
47
19
37
0
0
0
0
1 1
42
1
1
1 1 1 1
]
[G
45
46
47
20
37
0
0
0
0
1 1
42
1
1
1 1 1 1
]
[G
45
46
47
21
37
0
0
0
0
1 1
42
1
1
1 1 1 1
]
[G
45
46
47
22
37
0
0
0
0
1 1
42
1
1
1 1 1 1
]
[G
45
46
47
23
37
0
0
0
0
1 1
42
1
1
1 1 1 1
]
[G
45
46
47
24
37
0
0
0
0
1 1
42
1
1
1 1 1 1
]
[G
45
46
47
25
37
0
0
0
0
1 1
42
1
1
1 1 1 1
]
[G
45
46
47
26
37
0
0
0
0
1 1
42
1
1
1 1 1 1
]
[G
45
46
47
27
37
0
0
0
0
1 1
42
1
1
1 1 1 1
]
[G
45
46
47
28
37
0
0
0
0
1 1
42
1
1
1 1 1 1
]
[G
45
46
47
29
37
0
0
0
0
1 1
42
1
1
1 1 1 1
]
[G
45
46
47
30
37
0
0
0
0
1 1
42
1
1
1 1 1 1
]
[G
45
46
47
31
37
0
0
0
0
1 1
42
1
1
1 1 1 1
]
[G
45
46
47
15
37
0
0
0
0
1 1
42
1
1
1 1 1 1
]
[G
45
46
47
16
37
0
0
0
0
1 1
42
1
1
1 1 1 1
]
[G
1
2
3
2
29
0
0
0
0
16 1
0
0
0
]
[G
1
2
3
3
29
0
0
0
0
16 1
0
0
0
]
[G
45
46
47
14
8
0
0
0
0
21 0
99
121
99
108
111
110
101
105
118
101
95
108
99
101
108
108
95
99
111
109
98
1
1
1 21 1 1
]
[G
45
46
47
15
8
0
0
0
0
21 0
99
121
99
108
111
110
101
105
118
101
95
108
99
101
108
108
95
99
111
109
98
1
1
1 21 1 1
]
[G
45
46
47
16
8
0
0
0
0
21 0
99
121
99
108
111
110
101
105
118
101
95
108
99
101
108
108
95
99
111
109
98
1
1
1 21 1 1
]
[G
45
46
47
17
8
0
0
0
0
21 0
99
121
99
108
111
110
101
105
118
101
95
108
99
101
108
108
95
99
111
109
98
1
1
1 21 1 1
]
[G
45
46
47
18
8
0
0
0
0
21 0
99
121
99
108
111
110
101
105
118
101
95
108
99
101
108
108
95
99
111
109
98
1
1
1 21 1 1
]
[G
45
46
47
19
8
0
0
0
0
21 0
99
121
99
108
111
110
101
105
118
101
95
108
99
101
108
108
95
99
111
109
98
1
1
1 21 1 1
]
[G
45
46
47
20
8
0
0
0
0
21 0
99
121
99
108
111
110
101
105
118
101
95
108
99
101
108
108
95
99
111
109
98
1
1
1 21 1 1
]
[G
45
46
47
21
8
0
0
0
0
21 0
99
121
99
108
111
110
101
105
118
101
95
108
99
101
108
108
95
99
111
109
98
1
1
1 21 1 1
]
[G
45
46
47
22
8
0
0
0
0
21 0
99
121
99
108
111
110
101
105
118
101
95
108
99
101
108
108
95
99
111
109
98
1
1
1 21 1 1
]
[G
45
46
47
23
8
0
0
0
0
21 0
99
121
99
108
111
110
101
105
118
101
95
108
99
101
108
108
95
99
111
109
98
1
1
1 21 1 1
]
[G
45
46
47
24
8
0
0
0
0
21 0
99
121
99
108
111
110
101
105
118
101
95
108
99
101
108
108
95
99
111
109
98
1
1
1 21 1 1
]
[G
45
46
47
25
8
0
0
0
0
21 0
99
121
99
108
111
110
101
105
118
101
95
108
99
101
108
108
95
99
111
109
98
1
1
1 21 1 1
]
[G
45
46
47
26
8
0
0
0
0
21 0
99
121
99
108
111
110
101
105
118
101
95
108
99
101
108
108
95
99
111
109
98
1
1
1 21 1 1
]
[G
45
46
47
27
8
0
0
0
0
21 0
99
121
99
108
111
110
101
105
118
101
95
108
99
101
108
108
95
99
111
109
98
1
1
1 21 1 1
]
[G
45
46
47
28
8
0
0
0
0
21 0
99
121
99
108
111
110
101
105
118
101
95
108
99
101
108
108
95
99
111
109
98
1
1
1 21 1 1
]
[G
45
46
47
29
8
0
0
0
0
21 0
99
121
99
108
111
110
101
105
118
101
95
108
99
101
108
108
95
99
111
109
98
1
1
1 21 1 1
]
[G
45
46
47
30
8
0
0
0
0
21 0
99
121
99
108
111
110
101
105
118
101
95
108
99
101
108
108
95
99
111
109
98
1
1
1 21 1 1
]
[G
45
46
47
31
8
0
0
0
0
21 0
99
121
99
108
111
110
101
105
118
101
95
108
99
101
108
108
95
99
111
109
98
1
1
1 21 1 1
]
[G
45
87
70
1
92
0
0
0
0
16 1
0
0
0
]
[G
45
46
47
14
49
0
0
0
0
3 0
99
105
110
1
1
1 3 1 1
]
[G
45
46
47
15
49
0
0
0
0
3 0
99
105
110
1
1
1 3 1 1
]
[G
45
46
47
16
49
0
0
0
0
5 0
100
97
116
97
99
1
1
1 5 1 1
]
[G
45
46
47
17
49
0
0
0
0
3 0
99
105
110
1
1
1 3 1 1
]
[G
45
46
47
18
49
0
0
0
0
5 0
100
97
116
97
99
1
1
1 5 1 1
]
[G
45
46
47
19
49
0
0
0
0
5 0
100
97
116
97
99
1
1
1 5 1 1
]
[G
45
46
47
20
49
0
0
0
0
3 0
99
105
110
1
1
1 3 1 1
]
[G
45
46
47
21
49
0
0
0
0
3 0
99
105
110
1
1
1 3 1 1
]
[G
45
46
47
22
49
0
0
0
0
3 0
99
105
110
1
1
1 3 1 1
]
[G
45
46
47
23
49
0
0
0
0
3 0
99
105
110
1
1
1 3 1 1
]
[G
45
46
47
24
49
0
0
0
0
5 0
100
97
116
97
99
1
1
1 5 1 1
]
[G
45
46
47
25
49
0
0
0
0
5 0
100
97
116
97
99
1
1
1 5 1 1
]
[G
45
46
47
26
49
0
0
0
0
5 0
100
97
116
97
99
1
1
1 5 1 1
]
[G
45
46
47
27
49
0
0
0
0
3 0
99
105
110
1
1
1 3 1 1
]
[G
45
46
47
28
49
0
0
0
0
3 0
99
105
110
1
1
1 3 1 1
]
[G
45
46
47
29
49
0
0
0
0
3 0
99
105
110
1
1
1 3 1 1
]
[G
45
46
47
30
49
0
0
0
0
5 0
100
97
116
97
99
1
1
1 5 1 1
]
[G
45
46
47
31
49
0
0
0
0
3 0
99
105
110
1
1
1 3 1 1
]
[G
45
87
70
1
34
0
0
0
0
0 0
0
0
]
[G
45
46
47
14
60
0
0
0
0
16 1
0
0
0
]
[G
45
46
47
15
60
0
0
0
0
16 1
0
0
0
]
[G
45
46
47
16
60
0
0
0
0
16 1
0
0
0
]
[G
45
46
47
17
60
0
0
0
0
16 1
0
0
0
]
[G
45
46
47
18
60
0
0
0
0
16 1
0
0
0
]
[G
45
46
47
18
61
0
0
0
0
16 1
0
0
0
]
[G
45
46
47
18
62
0
0
0
0
16 1
0
0
0
]
[G
45
46
47
18
63
0
0
0
0
16 1
0
0
0
]
[G
45
46
47
20
62
0
0
0
0
16 1
0
0
0
]
[G
45
46
47
23
60
0
0
0
0
16 1
0
0
0
]
[G
45
46
47
23
61
0
0
0
0
16 1
0
0
0
]
[G
45
46
47
25
60
0
0
0
0
16 1
0
0
0
]
[G
45
46
47
26
60
0
0
0
0
16 1
0
0
0
]
[G
45
46
47
26
61
0
0
0
0
16 1
0
0
0
]
[G
45
46
47
26
62
0
0
0
0
16 1
0
0
0
]
[G
45
46
47
26
63
0
0
0
0
16 1
0
0
0
]
[G
45
46
47
30
60
0
0
0
0
16 1
0
0
0
]
[G
45
46
47
30
61
0
0
0
0
16 1
0
0
0
]
[G
45
46
47
30
62
0
0
0
0
16 1
0
0
0
]
[G
45
46
47
30
63
0
0
0
0
16 1
0
0
0
]
[G
45
46
47
16
61
0
0
0
0
16 1
0
0
0
]
[G
45
46
47
17
61
0
0
0
0
16 1
0
0
0
]
[G
45
46
47
17
62
0
0
0
0
16 1
0
0
0
]
[G
45
46
47
17
63
0
0
0
0
16 1
0
0
0
]
[G
45
46
47
20
61
0
0
0
0
16 1
0
0
0
]
[G
45
46
47
21
61
0
0
0
0
16 1
0
0
0
]
[G
45
46
47
20
63
0
0
0
0
16 1
0
0
0
]
[G
45
46
47
21
63
0
0
0
0
16 1
0
0
0
]
[G
45
46
47
23
62
0
0
0
0
16 1
0
0
0
]
[G
45
46
47
25
61
0
0
0
0
16 1
0
0
0
]
[G
45
46
47
25
62
0
0
0
0
16 1
0
0
0
]
[G
45
46
47
25
63
0
0
0
0
16 1
0
0
0
]
[G
45
46
47
24
55
0
0
0
0
16 1
0
0
0
]
[G
45
46
47
25
55
0
0
0
0
16 1
0
0
0
]
[G
45
46
47
26
55
0
0
0
0
16 1
0
0
0
]
[G
45
46
47
27
55
0
0
0
0
16 1
0
0
0
]
[G
45
46
47
28
55
0
0
0
0
16 1
0
0
0
]
[G
45
46
47
29
55
0
0
0
0
16 1
0
0
0
]
[G
45
46
47
16
62
0
0
0
0
16 1
0
0
0
]
[G
45
46
47
16
63
0
0
0
0
16 1
0
0
0
]
[G
45
46
47
20
60
0
0
0
0
16 1
0
0
0
]
[G
45
46
47
21
60
0
0
0
0
16 1
0
0
0
]
[G
45
46
47
22
60
0
0
0
0
16 1
0
0
0
]
[G
45
46
47
21
62
0
0
0
0
16 1
0
0
0
]
[G
45
46
47
22
62
0
0
0
0
16 1
0
0
0
]
[G
45
46
47
22
63
0
0
0
0
16 1
0
0
0
]
[G
45
46
47
23
63
0
0
0
0
16 1
0
0
0
]
[G
45
46
47
24
63
0
0
0
0
16 1
0
0
0
]
[G
45
46
47
23
55
0
0
0
0
16 1
0
0
0
]
[G
45
46
47
28
61
0
0
0
0
16 1
0
0
0
]
[G
45
46
47
28
62
0
0
0
0
16 1
0
0
0
]
[G
45
46
47
28
63
0
0
0
0
16 1
0
0
0
]
[G
45
46
47
29
63
0
0
0
0
16 1
0
0
0
]
[G
45
46
47
31
62
0
0
0
0
16 1
0
0
0
]
[G
45
46
47
31
63
0
0
0
0
16 1
0
0
0
]
[G
45
46
47
30
55
0
0
0
0
16 1
0
0
0
]
[G
45
46
47
31
55
0
0
0
0
16 1
0
0
0
]
[G
45
46
47
15
55
0
0
0
0
16 1
0
0
0
]
[G
45
46
47
16
55
0
0
0
0
16 1
0
0
0
]
[G
45
46
47
17
55
0
0
0
0
16 1
0
0
0
]
[G
45
46
47
22
61
0
0
0
0
16 1
0
0
0
]
[G
45
46
47
24
60
0
0
0
0
16 1
0
0
0
]
[G
45
46
47
24
61
0
0
0
0
16 1
0
0
0
]
[G
45
46
47
24
62
0
0
0
0
16 1
0
0
0
]
[G
45
46
47
22
55
0
0
0
0
16 1
0
0
0
]
[G
1
2
3
3
24
0
0
0
0
16 1
0
0
0
]
[G
45
46
47
27
62
0
0
0
0
16 1
0
0
0
]
[G
45
46
47
27
63
0
0
0
0
16 1
0
0
0
]
[G
45
46
47
29
62
0
0
0
0
16 1
0
0
0
]
[G
45
46
47
31
61
0
0
0
0
16 1
0
0
0
]
[G
45
46
47
15
61
0
0
0
0
16 1
0
0
0
]
[G
45
46
47
15
62
0
0
0
0
16 1
0
0
0
]
[G
45
46
47
15
63
0
0
0
0
16 1
0
0
0
]
[G
45
46
47
14
55
0
0
0
0
16 1
0
0
0
]
[G
45
46
47
19
61
0
0
0
0
16 1
0
0
0
]
[G
45
46
47
19
62
0
0
0
0
16 1
0
0
0
]
[G
45
46
47
19
63
0
0
0
0
16 1
0
0
0
]
[G
45
46
47
18
55
0
0
0
0
16 1
0
0
0
]
[G
1
2
3
2
37
0
0
0
0
1 1
42
1
1
1 1 1 1
]
[G
1
2
3
2
8
0
0
0
0
6 0
68
70
70
69
65
83
1
1
1 6 1 1
]
[G
1
2
3
3
8
0
0
0
0
6 0
68
70
70
69
65
83
1
1
1 6 1 1
]
[G
1
2
3
2
24
0
0
0
0
16 1
0
0
0
]
[G
45
46
47
28
60
0
0
0
0
16 1
0
0
0
]
[G
45
46
47
29
60
0
0
0
0
16 1
0
0
0
]
[G
45
46
47
29
61
0
0
0
0
16 1
0
0
0
]
[G
45
46
47
31
60
0
0
0
0
16 1
0
0
0
]
[G
45
46
47
14
50
0
0
0
0
16 1
0
0
0
]
[G
45
46
47
15
50
0
0
0
0
16 1
0
0
0
]
[G
45
46
47
16
50
0
0
0
0
16 1
0
0
0
]
[G
45
46
47
17
50
0
0
0
0
16 1
0
0
0
]
[G
45
46
47
18
50
0
0
0
0
16 1
0
0
0
]
[G
45
46
47
19
50
0
0
0
0
16 1
0
0
0
]
[G
45
46
47
20
50
0
0
0
0
16 1
0
0
0
]
[G
45
46
47
21
50
0
0
0
0
16 1
0
0
0
]
[G
45
46
47
22
50
0
0
0
0
16 1
0
0
0
]
[G
45
46
47
23
50
0
0
0
0
16 1
0
0
0
]
[G
45
46
47
20
55
0
0
0
0
16 1
0
0
0
]
[G
45
46
47
17
34
0
0
0
0
0 0
0
0
]
[G
45
46
47
18
34
0
0
0
0
0 0
0
0
]
[G
45
46
47
27
50
0
0
0
0
16 1
0
0
0
]
[G
45
46
47
20
34
0
0
0
0
0 0
0
0
]
[G
45
46
47
21
34
0
0
0
0
0 0
0
0
]
[G
45
46
47
22
34
0
0
0
0
0 0
0
0
]
[G
45
46
47
23
34
0
0
0
0
0 0
0
0
]
[G
45
46
47
24
34
0
0
0
0
0 0
0
0
]
[G
45
46
47
25
34
0
0
0
0
0 0
0
0
]
[G
45
46
47
26
34
0
0
0
0
0 0
0
0
]
[G
45
46
47
27
34
0
0
0
0
0 0
0
0
]
[G
45
46
47
28
34
0
0
0
0
0 0
0
0
]
[G
45
46
47
29
34
0
0
0
0
0 0
0
0
]
[G
45
46
47
30
34
0
0
0
0
0 0
0
0
]
[G
45
46
47
31
34
0
0
0
0
0 0
0
0
]
[G
45
46
47
15
34
0
0
0
0
0 0
0
0
]
[G
45
46
47
16
34
0
0
0
0
0 0
0
0
]
[G
45
46
47
21
55
0
0
0
0
16 1
0
0
0
]
[G
45
46
47
26
50
0
0
0
0
16 1
0
0
0
]
[G
45
46
47
27
61
0
0
0
0
16 1
0
0
0
]
[G
45
46
47
28
50
0
0
0
0
16 1
0
0
0
]
[G
45
46
47
16
56
0
0
0
0
16 1
0
0
0
]
[G
45
46
47
17
56
0
0
0
0
16 1
0
0
0
]
[G
45
46
47
18
56
0
0
0
0
16 1
0
0
0
]
[G
45
46
47
14
62
0
0
0
0
16 1
0
0
0
]
[G
45
46
47
20
56
0
0
0
0
16 1
0
0
0
]
[G
45
46
47
21
56
0
0
0
0
16 1
0
0
0
]
[G
45
46
47
22
56
0
0
0
0
16 1
0
0
0
]
[G
45
46
47
23
56
0
0
0
0
16 1
0
0
0
]
[G
45
46
47
24
56
0
0
0
0
16 1
0
0
0
]
[G
1
2
3
2
9
0
0
0
0
8 1
0
0
0
]
[G
45
46
47
26
56
0
0
0
0
16 1
0
0
0
]
[G
45
46
47
27
56
0
0
0
0
16 1
0
0
0
]
[G
45
46
47
24
50
0
0
0
0
16 1
0
0
0
]
[G
45
46
47
25
50
0
0
0
0
16 1
0
0
0
]
[G
1
2
3
2
5
0
0
0
0
4 0
116
114
117
101
1
1
1 4 1 1
]
[G
1
2
3
3
5
0
0
0
0
4 0
116
114
117
101
1
1
1 4 1 1
]
[G
45
46
47
15
56
0
0
0
0
16 1
0
0
0
]
[G
45
46
47
29
50
0
0
0
0
16 1
0
0
0
]
[G
45
46
47
30
50
0
0
0
0
16 1
0
0
0
]
[G
45
46
47
31
50
0
0
0
0
16 1
0
0
0
]
[G
45
46
47
19
56
0
0
0
0
16 1
0
0
0
]
[G
45
46
47
14
63
0
0
0
0
16 1
0
0
0
]
[G
45
46
47
19
60
0
0
0
0
16 1
0
0
0
]
[G
45
46
47
25
56
0
0
0
0
16 1
0
0
0
]
[G
1
2
3
3
9
0
0
0
0
8 1
0
0
0
]
[G
45
46
47
19
55
0
0
0
0
16 1
0
0
0
]
[G
1
2
3
3
37
0
0
0
0
1 1
42
1
1
1 1 1 1
]
[G
45
46
47
29
56
0
0
0
0
16 1
0
0
0
]
[G
45
46
47
30
56
0
0
0
0
16 1
0
0
0
]
[G
45
46
47
31
56
0
0
0
0
16 1
0
0
0
]
[G
45
78
79
1
33
0
0
0
0
0 0
0
0
]
[G
45
87
70
1
89
0
0
0
0
256 1
0
0
0
]
[G
45
46
47
14
61
0
0
0
0
16 1
0
0
0
]
[G
45
80
81
1
82
0
0
0
0
12 0
103
108
111
98
97
108
32
99
108
111
99
107
1
1
1 12 1 1
]
[G
45
80
81
1
83
0
0
0
0
4 0
110
111
110
101
1
1
1 4 1 1
]
[G
45
80
81
1
32
0
0
0
0
16 1
0
0
0
]
[G
45
46
47
14
34
0
0
0
0
0 0
0
0
]
[G
45
46
47
28
56
0
0
0
0
16 1
0
0
0
]
[G
45
46
47
27
60
0
0
0
0
16 1
0
0
0
]
[G
45
46
47
14
56
0
0
0
0
16 1
0
0
0
]
[G
45
78
79
1
35
0
0
1
0
0 0
0
0
]
[G
45
87
70
1
73
0
0
0
0
16 1
0
0
0
]
[G
1
2
3
2
30
0
0
0
0
16 1
0
0
0
]
[G
1
2
3
3
30
0
0
0
0
16 1
0
0
0
]
[G
1
2
3
2
31
0
0
0
0
16 1
0
0
0
]
[G
1
2
3
3
31
0
0
0
0
16 1
0
0
0
]
[G
1
2
3
2
15
0
0
0
0
8 1
0
0
0
]
[G
1
2
3
3
15
0
0
0
0
8 1
0
0
0
]
[G
45
46
47
19
34
0
0
0
0
0 0
0
0
]
[G
45
80
81
1
36
0
0
1
0
0 0
0
0
]
[G
1
2
3
2
12
0
0
0
0
8 1
0
0
0
]
[G
1
2
3
3
12
0
0
0
0
8 1
0
0
0
]
[G
45
69
70
1
71
0
0
0
0
16 1
0
0
0
]
[G
1
2
3
2
34
0
0
0
0
0 0
0
0
]
[G
1
2
3
3
34
0
0
0
0
0 0
0
0
]
[G
1
2
3
2
20
0
0
0
0
16 1
0
0
0
]
[G
1
2
3
3
20
0
0
0
0
16 1
0
0
0
]
[G
45
46
47
14
52
0
0
0
0
16 1
0
0
0
]
[G
45
46
47
15
52
0
0
0
0
16 1
0
0
0
]
[G
45
46
47
16
52
0
0
0
0
16 1
0
0
0
]
[G
45
46
47
17
52
0
0
0
0
16 1
0
0
0
]
[G
45
46
47
18
52
0
0
0
0
16 1
0
0
0
]
[G
45
46
47
19
52
0
0
0
0
16 1
0
0
0
]
[G
45
46
47
20
52
0
0
0
0
16 1
0
0
0
]
[G
45
46
47
21
52
0
0
0
0
16 1
0
0
0
]
[G
45
46
47
22
52
0
0
0
0
16 1
0
0
0
]
[G
45
46
47
23
52
0
0
0
0
16 1
0
0
0
]
[G
45
46
47
24
52
0
0
0
0
16 1
0
0
0
]
[G
45
46
47
25
52
0
0
0
0
16 1
0
0
0
]
[G
45
46
47
26
52
0
0
0
0
16 1
0
0
0
]
[G
45
46
47
27
52
0
0
0
0
16 1
0
0
0
]
[G
45
46
47
28
52
0
0
0
0
16 1
0
0
0
]
[G
45
46
47
29
52
0
0
0
0
16 1
0
0
0
]
[G
45
46
47
30
52
0
0
0
0
16 1
0
0
0
]
[G
45
46
47
31
52
0
0
0
0
16 1
0
0
0
]
[G
1
2
3
2
14
0
0
0
0
8 1
0
0
0
]
[G
1
2
3
3
14
0
0
0
0
8 1
0
0
0
]
[P
45
46
47
65
66
14
0
0
]
[P
45
46
47
67
66
14
0
0
]
[P
45
46
47
67
65
15
0
0
]
[P
45
46
47
65
66
17
0
0
]
[P
45
46
47
67
66
17
0
0
]
[P
45
46
47
68
66
17
0
0
]
[P
45
46
47
67
66
19
0
0
]
[P
45
46
47
67
65
20
0
0
]
[P
45
46
47
67
65
21
0
0
]
[P
45
46
47
67
66
22
0
0
]
[P
45
46
47
67
66
23
0
0
]
[P
45
46
47
67
66
27
0
0
]
[P
45
46
47
67
65
28
0
0
]
[P
45
46
47
67
66
29
0
0
]
[P
45
46
47
67
65
31
0
0
]
[P
45
46
47
67
65
16
0
0
]
[P
45
46
47
68
65
15
0
0
]
[P
1
2
3
42
43
2
0
0
]
[P
1
2
3
40
39
2
0
0
]
[P
1
2
3
40
39
3
0
0
]
[P
1
2
3
41
39
2
0
0
]
[P
1
2
3
41
39
3
0
0
]
[P
45
78
79
38
39
1
0
0
]
[P
1
2
3
38
39
2
0
0
]
[P
1
2
3
38
39
3
0
0
]
[P
1
2
3
44
43
2
0
0
]
[P
1
2
3
44
43
3
0
0
]
